 8
  1.660120825478540E-007
 -0.100573359820055       0.297028852130580       3.349795194398184E-002
 -3.229644634447527E-002 -7.982709533397038E-003  2.310127752641002E-003
  2.447838287781388E-006
 -0.440310163459767       0.566745755375772       3.318618295155312E-002
 -1.604270443203941E-002 -1.251893427263162E-002  7.538844839532982E-004
  3.040432648946916E-006
 -0.501020939115182       0.846957701794179      -3.903856137443817E-005
 -1.508723230805867E-002 -8.824939275232249E-003  4.996414948248672E-007
  3.227156082893391E-007
 -0.612181752368749       -1.38096784801262      -1.392516770454577E-002
  1.331887902648585E-002 -4.470013582555149E-003 -4.203920020300247E-004
  9.547919099353572E-004
   4.70836541574045       -1.64564931161119      -9.850621013079541E-002
  2.402344783994480E-003  7.486083057503754E-003 -8.484051154357538E-005
  2.858856700227778E-004
   7.03299623960399       -6.98798328347549      -0.158394725726138     
  3.624583656098797E-003  3.952987868415169E-003 -2.129343696404191E-004
  4.366249613194372E-005
   14.3432177427248        13.5325208898516      -0.135610920425332     
 -2.726033490395426E-003  2.684934591444978E-003  4.515596061220237E-005
  5.151383772621838E-005
   29.6414320254066       -4.02788441621926      -0.600212520604495     
  4.048259238884787E-004  3.137686437036787E-003 -7.383830964269506E-005
